44,158
44,157
44,156
44,155
44,154
44,153
44,152
44,151
44,150
44,149
44,148
44,147
44,146
44,145
44,144
44,143
44,142
44,141
44,140
44,139
44,138
44,137
44,136
44,135
44,134
44,133
44,132
44,131
44,130
44,129
44,128
44,127
44,117
44,110
44,107
44,88
44,86
44,85
44,77
44,76
44,75
44,68
44,67
44,65
44,62
44,61
44,60
44,59
44,58
44,57
44,55
44,52
44,50
44,49
44,48
44,47
44,45
44,43
44,42
44,41
44,38
44,37
44,36
44,32
44,31
44,30
44,26
44,25
44,22
44,21
44,20
44,19
44,18
44,17
44,7
44,5
44,3
43,1322
43,1321
43,1320
43,1319
43,1318
43,1317
43,1316
43,1315
43,1314
43,1313
43,1312
43,1311
43,1310
43,1309
43,1308
43,1307
43,1306
43,1305
43,1303
43,1302
43,1301
43,1300
43,1299
43,1298
43,1297
43,1296
43,1280
43,1087
43,1086
43,1085
43,1055
43,1045
43,1044
43,1043
43,1042
43,1040
43,1039
43,1038
43,1037
43,1036
43,1034
43,1033
43,1032
43,1030
43,1029
43,1028
43,1026
43,1025
43,1023
43,1021
43,1020
43,1018
43,1017
43,1016
43,1015
43,1014
43,1013
43,1012
43,1011
43,1010
43,1009
43,1008
43,1007
43,1006
43,1005
43,1004
43,1003
43,1002
43,1001
43,999
43,998
43,997
43,996
43,995
43,994
43,993
43,992
43,991
43,988
43,987
43,986
43,790
43,622
43,343
43,342
43,341
43,340
43,339
43,35
43,30
43,27
43,25
43,23
43,20
43,18
43,13
43,11
43,10
43,5
43,3
40,11
40,10
40,9
40,8
40,6
40,5
40,3
38,3
35,3
31,4
31,3
28,7
28,3
19,3
17,3
16,8
16,7
16,3
15,4270
15,2603
15,807
15,38
15,5
15,4
15,3
14,3
13,3
9,4
9,3
7,3
5,17
5,16
5,15
5,14
5,13
5,12
5,11
5,10
5,9
5,7
5,6
5,5
5,3
4,3
3,2
2,2
1,2
0,61
0,60
0,59
0,58
0,55
0,52
0,51
44,159
44,160
44,162
44,163
44,165
44,166
44,168
44,170
44,171
44,173
44,174
44,176
44,178
44,179
44,181
44,182
44,184
44,185
44,187
44,189
44,190
44,203
44,204
44,209
44,214
44,221
44,225
44,238
44,256
44,257
44,259
44,261
44,262
44,264
44,265
44,267
44,269
44,270
44,272
44,273
44,275
44,276
44,278
44,280
44,281
44,283
44,284
44,286
44,288
44,289
44,291
44,292
44,294
44,296
44,297
44,299
44,300
44,302
44,303
44,305
44,307
44,308
44,310
44,311
44,313
44,315
44,316
44,318
44,319
44,321
44,323
44,333
44,338
44,339
44,349
44,351
44,359
44,374
44,448
44,450
44,451
44,453
44,454
44,456
44,458
44,459
44,461
44,462
44,464
44,466
44,467
44,469
44,470
44,472
44,474
44,475
44,477
44,478
44,480
44,481
44,483
44,485
44,486
44,488
44,489
44,491
44,493
44,494
44,496
44,497
44,499
44,500
44,502
44,505
44,506
44,509
44,511
44,514
44,517
44,519
44,522
44,524
44,528
44,529
44,534
44,537
44,538
44,544
44,545
44,548
44,551
44,552
44,556
44,557
44,560
44,562
44,565
44,568
44,570
44,573
44,575
44,593
44,626
44,768
44,771
44,772
44,776
44,779
44,780
44,783
44,785
44,788
44,790
44,793
44,796
44,798
44,801
44,802
44,806
44,809
44,810
44,814
44,815
44,818
44,820
44,823
44,826
44,828
44,831
44,833
44,836
44,839
44,841
44,844
44,845
44,848
44,850
44,853
44,856
44,858
44,861
44,863
44,866
44,870
44,872
44,875
44,876
44,880
44,883
44,884
44,887
44,889
44,892
44,894
44,897
44,900
44,902
44,905
44,906
44,910
44,913
44,914
44,918
44,919
44,922
44,924
44,927
44,930
44,932
44,935
44,937
44,940
44,943
44,945
44,948
44,949
44,952
44,954
44,957
44,960
44,962
44,965
44,967
44,970
44,973
44,975
44,978
44,979
44,983
44,984
44,987
44,991
44,992
44,995
44,997
44,1000
44,1003
44,1005
44,1008
44,1010
44,1013
44,1016
44,1017
44,1021
44,1022
44,1025
44,1027
44,1030
44,1033
44,1035
44,1038
44,1040
44,1043
44,1046
44,1048
44,1051
44,1052
44,1055
44,1057
44,1060
44,1063
44,1065
44,1068
44,1070
44,1073
44,1076
44,1078
44,1081
44,1082
44,1086
44,1087
44,1175
44,1211
44,1216
44,1219
44,1221
44,1224
44,1227
44,1229
44,1232
44,1234
44,1237
44,1240
44,1241
44,1245
44,1246
44,1249
44,1251
44,1254
44,1257
44,1259
44,1262
44,1264
44,1267
44,1270
44,1272
44,1275
44,1276
44,1280
44,1281
44,1284
44,1287
44,1289
44,1292
44,1294
44,1297
44,1300
44,1302
44,1305
44,1306
44,1310
44,1311
44,1315
44,1319
44,1320
44,1323
44,1325
44,1328
44,1331
44,1333
44,1336
44,1338
44,1341
44,1408
44,1410
44,1413
44,1414
44,1417
44,1419
44,1422
44,1425
44,1427
44,1430
44,1432
44,1435
44,1438
44,1440
44,1443
44,1444
44,1448
44,1449
44,1452
44,1455
44,1457
44,1460
44,1462
44,1465
44,1468
44,1470
44,1473
44,1475
44,1478
44,1479
44,1482
44,1486
44,1487
44,1490
44,1492
44,1495
44,1498
44,1500
44,1503
44,1505
44,1508
44,1509
44,1513
44,1516
44,1517
44,1520
44,1522
44,1525
44,1528
44,1530
44,1533
44,1535
44,1538
44,1541
44,1543
44,1546
44,1547
44,1551
44,1552
44,1556
44,1560
44,1561
44,1564
44,1566
44,1569
44,1572
44,1574
44,1577
44,1579
44,1582
44,1583
44,1586
44,1591
44,1592
44,1595
44,1596
44,1600
44,1602
44,1603
44,1605
44,1606
44,1608
44,1609
44,1611
44,1613
44,1614
44,1616
44,1617
44,1619
44,1621
44,1622
44,1624
44,1625
44,1627
44,1629
44,1630
44,1632
44,1633
44,1635
44,1636
44,1638
44,1640
44,1641
44,1643
44,1644
44,1646
44,1648
44,1649
44,1651
44,1652
44,1654
44,1655
44,1657
44,1659
44,1660
44,1662
44,1663
44,1857
44,1859
44,1860
44,1862
44,1863
44,1865
44,1866
44,1868
44,1870
44,1871
44,1873
44,1874
44,1876
44,1878
44,1879
44,1881
44,1882
44,1884
44,1885
44,1887
44,1889
44,1890
44,1892
44,1893
44,1895
44,1897
44,1898
44,1900
44,1901
44,1903
44,1905
44,1906
44,1908
44,1909
44,1911
44,1912
44,1914
44,1916
44,1917
44,1919
44,1921
44,1932
44,1944
44,1950
44,1962
44,1963
44,1970
44,1976
44,2049
44,2051
44,2052
44,2054
44,2055
44,2057
44,2059
44,2060
44,2062
44,2063
44,2065
44,2066
44,2068
44,2070
44,2071
44,2073
44,2074
44,2076
44,2078
44,2079
44,2081
44,2082
44,2084
44,2086
44,2087
44,2089
44,2090
44,2092
44,2093
44,2095
44,2097
44,2098
44,2100
44,2101
44,2103
44,2105
44,2106
44,2108
44,2109
44,2111
44,2112
44,2114
44,2116
44,2117
44,2119
44,2120
44,2122
44,2124
44,2125
44,2127
44,2128
44,2130
44,2131
44,2133
44,2135
44,2136
44,2138
44,2139
44,2141
44,2143
44,2144
44,2146
44,2147
44,2149
44,2150
44,2152
44,2154
44,2155
44,2157
44,2158
44,2160
44,2162
44,2163
44,2165
44,2166
44,2168
44,2170
44,2171
44,2173
44,2174
44,2176
44,2177
44,2179
44,2181
44,2182
44,2184
44,2185
44,2187
44,2189
44,2190
44,2192
44,2193
44,2195
44,2196
44,2198
44,2200
44,2201
44,2203
44,2204
44,2206
44,2208
44,2209
44,2211
44,2212
44,2214
44,2215
44,2217
44,2219
44,2220
44,2222
44,2223
44,2225
44,2227
44,2228
44,2230
44,2231
44,2233
44,2235
44,2236
44,2238
44,2239
44,2241
44,2242
44,2244
44,2246
44,2247
44,2249
44,2250
44,2252
44,2254
44,2255
44,2257
44,2258
44,2260
44,2261
44,2263
44,2265
44,2266
44,2268
44,2269
44,2271
44,2273
44,2274
44,2276
44,2277
44,2279
44,2280
44,2282
44,2284
44,2285
44,2287
44,2288
44,2290
44,2292
44,2293
44,2295
44,2296
44,2298
44,2300
44,2301
44,2303
44,2304
44,2306
44,2307
44,2309
44,2311
44,2312
44,2314
44,2315
44,2317
44,2319
44,2320
44,2322
44,2323
44,2325
44,2326
44,2328
44,2330
44,2331
44,2333
44,2334
44,2336
44,2338
44,2339
44,2341
44,2342
44,2344
44,2345
44,2347
44,2349
44,2350
44,2352
44,2353
44,2355
44,2357
44,2358
44,2360
44,2361
44,2363
44,2364
44,2366
44,2496
44,2497
44,2499
44,2501
44,2503
44,2505
44,2506
44,2508
44,2509
44,2511
44,2513
44,2515
44,2517
44,2518
44,2521
44,2522
44,2524
44,2526
44,2527
44,2529
44,2530
44,2532
44,2534
44,2535
44,2537
44,2538
44,2540
44,2541
44,2543
44,2545
44,2546
44,2548
44,2549
44,2551
44,2553
44,2554
44,2556
44,2557
44,2559
44,2560
44,2562
44,2564
44,2565
44,2567
44,2568
44,2570
44,2572
44,2573
44,2575
44,2576
44,2578
44,2580
44,2581
44,2583
44,2584
44,2586
44,2587
44,2589
44,2591
44,2592
44,2594
44,2595
44,2597
44,2599
44,2600
44,2602
44,2603
44,2605
44,2606
44,2608
44,2610
44,2611
44,2613
44,2614
44,2616
44,2618
44,2619
44,2621
44,2622
44,2708
44,2752
44,2754
44,2756
44,2757
44,2759
44,2760
44,2762
44,2764
44,2765
44,2767
44,2768
44,2770
44,2771
44,2773
44,2775
44,2776
44,2778
44,2779
44,2781
44,2783
44,2784
44,2786
44,2787
44,2789
44,2791
44,2792
44,2794
44,2795
44,2797
44,2798
44,2800
44,2802
44,2803
44,2805
44,2806
44,2808
44,2810
44,2811
44,2813
44,2814
44,2816
44,2817
44,2819
44,2821
44,2822
44,2824
44,2825
44,2827
44,2829
44,3008
44,3010
44,3011
44,3013
44,3014
44,3016
44,3018
44,3019
44,3021
44,3022
44,3024
44,3026
44,3027
44,3029
44,3030
44,3032
44,3034
44,3035
44,3037
44,3038
44,3040
44,3041
44,3043
44,3045
44,3046
44,3048
44,3049
44,3051
44,3053
44,3054
44,3056
44,3057
44,3059
44,3060
44,3062
44,3064
44,3065
44,3067
44,3068
44,3070
44,3136
44,3137
44,3139
44,3140
44,3142
44,3143
44,3145
44,3147
44,3148
44,3151
44,3152
44,3154
44,3156
44,3157
44,3159
44,3160
44,3162
44,3163
44,3165
44,3167
44,3168
44,3170
44,3171
44,3173
44,3175
44,3176
44,3178
44,3179
44,3181
44,3183
44,3184
44,3186
44,3187
44,3189
44,3190
44,3192
44,3194
44,3195
44,3197
44,3198
44,3200
44,3202
44,3203
44,3205
44,3206
44,3208
44,3209
44,3211
44,3213
44,3214
44,3216
44,3217
44,3219
44,3221
44,3222
44,3224
44,3225
44,3227
44,3228
44,3230
44,3232
44,3233
44,3235
44,3236
44,3238
44,3240
44,3241
44,3243
44,3244
44,3246
44,3248
44,3249
44,3251
44,3252
44,3254
44,3255
44,3257
44,3259
44,3260
44,3262
44,3263
44,3265
44,3267
44,3268
44,3270
44,3271
44,3273
44,3274
44,3276
44,3278
44,3279
44,3281
44,3282
44,3284
44,3286
44,3287
44,3289
44,3290
44,3292
44,3293
44,3295
44,3297
44,3298
44,3300
44,3301
44,3303
44,3305
44,3306
44,3308
44,3309
44,3311
44,3313
44,3314
44,3316
44,3317
44,3319
44,3320
44,3322
44,3324
44,3325
44,3327
44,3456
44,3458
44,3460
44,3461
44,3463
44,3464
44,3466
44,3467
44,3469
44,3471
44,3472
44,3474
44,3475
44,3477
44,3479
44,3480
44,3482
44,3483
44,3485
44,3486
44,3488
44,3490
44,3491
44,3493
44,3494
44,3496
44,3498
44,3499
44,3501
44,3502
44,3504
44,3505
44,3507
44,3509
44,3510
44,3512
44,3513
44,3515
44,3517
44,3518
44,3520
44,3521
44,3524
44,3526
44,3528
44,3530
44,3531
44,3533
44,3534
44,3776
44,3778
44,3779
44,3781
44,3782
44,3784
44,3786
44,3787
44,3789
44,3790
44,3792
44,3793
44,3795
44,3797
44,3798
44,3800
44,3801
44,3803
44,3805
44,3806
44,3808
44,3809
44,3811
44,3812
44,3814
44,3816
44,3817
44,3819
44,3820
44,3822
44,3824
44,3825
44,3827
44,3828
44,3830
44,3832
44,3833
44,3835
44,3836
44,3838
44,3839
44,3841
44,3843
44,3844
44,3846
44,3847
44,3849
44,3851
44,3852
44,3854
44,3855
44,3857
44,3858
44,3860
47,2
47,3
48,2
48,3
48,5
48,7
48,8
48,10
48,11
48,13
48,14
48,16
48,18
48,19
51,3
53,3
58,3
58,9
58,10
58,12
58,13
58,15
58,16
59,3
62,3
62,4
68,3
69,3
72,3
76,3
76,6
81,3
82,3
84,3
87,3
87,4
87,6
97,3
98,5
98,6
99,3
99,6
100,3
100,6
103,3
103,5
105,3
105,7
110,8
113,3
113,5
114,3
44,585
44,775
44,781
44,784
44,789
44,794
44,797
44,803
44,805
44,811
44,816
44,819
44,824
44,827
44,832
44,838
44,840
44,846
44,849
44,854
44,857
44,862
44,869
44,871
44,877
44,879
44,885
44,890
44,893
44,898
44,612
44,904
44,907
44,912
44,917
44,920
44,925
44,928
44,934
44,939
44,942
44,947
44,950
44,955
44,958
44,963
44,969
44,972
44,974
44,977
44,982
44,988
44,990
44,996
44,999
44,1004
44,1007
44,1012
44,1018
44,1020
44,1026
44,1028
44,1034
44,1039
44,1042
44,1047
44,1050
44,1056
44,1061
44,1064
44,1069
44,1072
44,1077
44,1080
44,1085
44,1220
44,1223
44,1228
44,1231
44,1236
44,1242
44,1244
44,1250
44,1252
44,1258
44,1158
44,1263
44,1269
44,1271
44,1277
44,1279
44,1285
44,1290
44,1293
44,1298
44,1301
44,1307
44,1309
44,1316
44,1321
44,1324
44,1329
44,1332
44,1337
44,1343
44,1409
44,1415
44,1418
44,1423
44,1428
44,1431
44,1437
44,1439
44,1445
44,1447
44,1453
44,1458
44,1461
44,1466
44,1469
44,1474
44,1480
44,1483
44,1185
44,1488
44,1493
44,1496
44,1502
44,1504
44,1507
44,1512
44,1515
44,1521
44,1526
44,1529
44,1534
44,536
44,532
44,1545
44,550
44,1581
44,523
44,520
44,566
44,515
44,553
44,1588
44,1548
44,1557
44,1568
44,1542
44,569
44,555
44,518
44,1590
44,527
44,1593
44,546
44,1576
44,1562
44,1554
44,1573
44,1559
44,512
44,542
44,540
44,1570
44,1539
44,558
44,1537
44,1550
44,1565
44,530
44,1584
44,1578
44,574
44,561
44,572
44,563
44,1531
44,1523
44,1518
44,1510
44,1199
44,1499
44,1491
44,1485
44,1477
44,1472
44,1464
44,1456
44,1450
44,1442
44,1434
44,1426
44,1420
44,1412
44,1340
44,1335
44,1326
44,1318
44,1313
44,1304
44,1296
44,1288
44,1282
44,1274
44,1266
44,1260
44,1255
44,1247
44,1239
44,1233
44,1225
44,1217
44,1083
44,1074
44,1066
44,1058
44,1053
44,1045
44,1037
44,1031
44,1023
44,1015
44,1009
44,1001
44,993
44,985
44,980
44,635
44,966
44,961
44,953
44,944
44,936
44,931
44,923
44,915
44,909
44,901
44,896
44,888
44,882
44,874
44,865
44,859
44,851
44,843
44,835
44,830
44,822
44,813
44,808
44,800
44,792
44,786
44,778
44,773
44,770
44,510
44,507
44,504
114,7
113,4
110,3
103,6
103,4
100,4
99,4
98,8
98,3
87,5
84,4
83,3
80,3
72,6
70,3
66,3
60,3
58,17
58,14
58,11
58,6
53,4
49,3
48,17
48,15
48,12
48,9
48,6
48,4
48,0
44,3861
44,3859
44,3856
44,3853
44,3850
44,3848
44,3845
44,3842
44,3840
44,3837
44,3834
44,3831
44,3829
44,3826
44,3823
44,3821
44,3818
44,3815
44,3813
44,3810
44,3807
44,3804
44,3802
44,3799
44,3796
44,3794
44,3791
44,3788
44,3785
44,3783
44,3780
44,3777
44,3535
44,3532
44,3529
44,3525
44,3522
44,3519
44,3516
44,3514
44,3511
44,3508
44,3506
44,3503
44,3500
44,3497
44,3495
44,3492
44,3489
44,3487
44,3484
44,3481
44,3478
44,3476
44,3473
44,3470
44,3468
44,3465
44,3462
44,3459
44,3457
44,3326
44,3323
44,3321
44,3318
44,3315
44,3312
44,3310
44,3307
44,3304
44,3302
44,3299
44,3296
44,3294
44,3291
44,3288
44,3285
44,3283
44,3280
44,3277
44,3275
44,3272
44,3269
44,3266
44,3264
44,3261
44,3258
44,3256
44,3253
44,3250
44,3247
44,3245
44,3242
44,3239
44,3237
44,3234
44,3231
44,3229
44,3226
44,3223
44,3220
44,3218
44,3215
44,3212
44,3210
44,3207
44,3204
44,3201
44,3199
44,3196
44,3193
44,3191
44,3188
44,3185
44,3182
44,3180
44,3177
44,3174
44,3172
44,3169
44,3166
44,3164
44,3161
44,3158
44,3155
44,3153
44,3150
44,3146
44,3144
44,3141
44,3138
44,3071
44,3069
44,3066
44,3063
44,3061
44,3058
44,3055
44,3052
44,3050
44,3047
44,3044
44,3042
44,3039
44,3036
44,3033
44,3031
44,3028
44,3025
44,3023
44,3020
44,3017
44,3015
44,3012
44,3009
44,2828
44,2826
44,2823
44,2820
44,2818
44,2815
44,2812
44,2809
44,2807
44,2804
44,2801
44,2799
44,2796
44,2793
44,2790
44,2788
44,2785
44,2782
44,2780
44,2777
44,2774
44,2772
44,2769
44,2766
44,2763
44,2761
44,2758
44,2755
44,2753
44,2623
44,2620
44,2617
44,2615
44,2612
44,2609
44,2607
44,2604
44,2601
44,2598
44,2596
44,2593
44,2590
44,2588
44,2585
44,2582
44,2579
44,2577
44,2574
44,2571
44,2569
44,2566
44,2563
44,2561
44,2558
44,2555
44,2552
44,2550
44,2547
44,2544
44,2542
44,2539
44,2536
44,2533
44,2531
44,2528
44,2525
44,2523
44,2519
44,2516
44,2512
44,2510
44,2507
44,2504
44,2502
44,2498
44,2367
44,2365
44,2362
44,2359
44,2356
44,2354
44,2351
44,2348
44,2346
44,2343
44,2340
44,2337
44,2335
44,2332
44,2329
44,2327
44,2324
44,2321
44,2318
44,2316
44,2313
44,2310
44,2308
44,2305
44,2302
44,2299
44,2297
44,2294
44,2291
44,2289
44,2286
44,2283
44,2281
44,2278
44,2275
44,2272
44,2270
44,2267
44,2264
44,2262
44,2259
44,2256
44,2253
44,2251
44,2248
44,2245
44,2243
44,2240
44,2237
44,2234
44,2232
44,2229
44,2226
44,2224
44,2221
44,2218
44,2216
44,2213
44,2210
44,2207
44,2205
44,2202
44,2199
44,2197
44,2194
44,2191
44,2188
44,2186
44,2183
44,2180
44,2178
44,2175
44,2172
44,2169
44,2167
44,2164
44,2161
44,2159
44,2156
44,2153
44,2151
44,2148
44,2145
44,2142
44,2140
44,2137
44,2134
44,2132
44,2129
44,2126
44,2123
44,2121
44,2118
44,2115
44,2113
44,2110
44,2107
44,2104
44,2102
44,2099
44,2096
44,2094
44,2091
44,2088
44,2085
44,2083
44,2080
44,2077
44,2075
44,2072
44,2069
44,2067
44,2064
44,2061
44,2058
44,2056
44,2053
44,2050
44,2048
44,1965
44,1957
44,1938
44,1926
44,1918
44,1915
44,1913
44,1910
44,1907
44,1904
44,1902
44,1899
44,1896
44,1894
44,1891
44,1888
44,1886
44,1883
44,1880
44,1877
44,1875
