2,20
57,185
57,56
57,40
57,31
57,24
57,23
57,6
57,30
57,44
57,61
57,45
57,32
57,20
57,63
57,43
57,62
57,19
57,5
57,60
57,36
57,59
57,28
57,58
57,16
57,129
57,41
57,128
57,27
57,47
57,15
57,4
57,3
5,9
47,3
5,10
58,8
58,7
58,5
58,4
69,3
1,45
3,44
2,44
1,44
3,43
2,43
1,43
3,42
2,42
1,42
3,41
2,41
1,41
3,40
2,40
1,40
3,39
2,39
1,39
3,38
2,38
1,38
3,37
2,37
1,37
3,36
2,36
1,36
3,35
2,35
1,35
3,34
2,34
1,34
3,33
2,33
1,33
3,32
2,32
1,32
3,31
2,31
1,31
3,30
2,30
1,30
3,29
2,29
1,29
3,28
2,28
1,28
3,27
2,27
1,27
3,26
2,26
1,26
3,25
2,25
1,25
3,24
2,24
1,24
3,23
2,23
1,23
3,22
2,22
1,22
3,21
1,20
3,19
2,19
1,19
3,18
2,18
1,18
3,17
2,17
1,17
3,16
2,16
1,16
3,15
2,15
1,15
3,14
2,14
1,14
3,13
2,13
1,13
3,12
2,12
1,12
3,11
2,11
1,11
3,10
2,10
1,10
3,9
2,9
1,9
3,8
2,8
1,8
3,7
2,7
1,7
3,6
2,6
1,6
3,5
2,5
1,5
3,4
2,4
1,4
3,3
2,3
1,3
0,6
5,3
4,3
2,21
58,17
58,14
58,13
58,12
58,11
58,10
58,16
58,9
58,3
58,15
58,6
70,3
62,3
68,3
100,3
1,21
53,3
53,4
3,20
44,5
43,622
81,3
43,5
44,2829
44,2828
44,3814
44,2827
44,2826
44,2824
44,2823
44,3302
44,1963
44,2819
44,2817
44,2816
44,1976
44,1970
44,2313
44,1965
44,1957
44,1944
44,1938
44,1932
44,1926
44,1175
44,1158
44,626
44,601
44,585
44,354
44,238
44,205
48,6
48,3
101,205
101,212
101,211
101,210
101,208
101,207
57,77
57,76
15,4270
57,75
57,74
57,73
15,4269
57,72
57,71
15,4268
57,70
57,69
57,68
15,4267
57,67
15,3735
57,66
57,65
15,4266
57,64
57,57
57,55
57,54
57,53
15,4265
57,52
57,51
57,50
15,4264
57,49
57,48
57,46
57,42
15,4263
57,39
57,38
57,37
57,35
57,34
57,33
57,29
15,4262
57,26
57,25
57,22
57,21
15,4261
57,18
57,17
57,14
15,4260
57,13
57,12
57,11
15,4259
57,10
57,9
57,8
57,7
101,15081
15,38
15,5
15,2603
15,4
15,4258
15,807
15,3
103,6
103,5
103,4
103,3
102,5
102,3
101,15080
101,15079
101,15078
101,15077
101,15076
101,14705
101,15075
101,15074
101,15073
101,15072
101,15071
101,15070
101,15069
101,14704
101,15068
101,15067
101,15066
101,15065
101,15064
101,15063
101,15062
101,14703
101,15061
101,15060
101,15059
101,15058
101,15057
101,15056
101,15055
101,15054
101,14702
101,15053
101,15052
101,15051
101,15050
101,15049
101,15048
101,15047
101,14701
101,15046
101,15045
101,15044
101,15043
101,15042
101,15041
101,15040
101,14700
101,15039
101,15038
101,15037
101,15036
101,15035
101,15034
101,15033
101,15032
101,14699
101,15031
101,15030
101,15029
101,15028
101,15027
101,15026
101,15025
101,14698
101,15024
101,15023
101,15022
101,15021
101,15020
101,15019
101,15018
101,14697
101,15017
101,15016
101,15015
101,15014
101,15013
101,15012
101,15011
101,15010
101,14696
101,15009
101,15008
101,15007
101,15006
101,15005
101,15004
101,15003
101,14695
101,15002
101,15001
101,15000
101,14999
101,14998
101,14997
101,14996
101,14694
101,14995
101,14994
101,14993
101,14992
101,14991
101,14990
101,14989
101,14988
101,14693
101,14987
101,14986
101,14985
101,14984
101,14983
101,14982
101,14981
101,14692
101,14980
101,14979
101,14978
101,14977
101,14976
101,14975
101,14974
101,14691
101,14973
101,14972
101,14971
101,14970
101,14969
101,14968
101,14967
101,14966
101,14690
101,14965
101,14964
101,14963
101,14962
101,14961
101,14960
101,14959
101,14689
101,14958
101,14957
101,14956
101,14955
101,14954
101,14953
101,14952
101,14688
101,14951
101,14950
101,14949
101,14948
101,14947
101,14946
101,14945
101,14944
101,14687
101,14943
101,14942
101,14941
101,14940
101,14939
101,14938
101,14937
101,14686
101,14936
101,14935
101,14934
101,14933
101,14932
101,14931
101,14930
101,14685
101,14929
101,14928
101,14927
101,14926
101,14925
101,14924
101,14923
101,14922
101,14684
101,14921
101,14920
101,14919
101,14918
101,14917
101,14916
101,14915
101,14683
101,14914
101,14913
101,14912
101,14911
101,14910
101,14909
101,14908
101,14682
101,14907
101,14906
101,14905
101,14904
101,14903
101,14902
101,14901
101,14900
101,14681
101,14899
101,14898
101,14897
101,14896
101,14895
101,14894
101,14893
101,14680
101,14892
101,14891
101,14890
101,14889
101,14888
101,14887
101,14886
101,14679
101,14885
101,14884
101,14883
101,14882
101,14881
101,14880
101,14879
101,14878
101,14678
101,14877
101,14876
101,14875
101,14874
101,14873
101,14872
101,14871
101,14677
101,14870
101,14869
101,14868
101,14867
101,14866
101,14865
101,14864
101,14676
101,14863
101,14862
101,14861
101,14860
101,14859
101,14858
101,14857
101,14856
101,14675
101,14855
101,14854
101,14853
101,14852
101,14851
101,14850
101,14849
101,14674
101,14848
101,14847
101,14846
101,14845
101,14844
101,14843
101,14842
101,14673
101,14841
101,14840
101,14839
101,14838
101,209
101,4
101,3
101,14837
101,14836
101,14835
101,14834
101,14672
101,14833
101,14832
101,14831
101,14830
101,14829
101,14828
101,14827
101,14671
101,14826
101,14825
101,14824
101,14823
101,14822
101,14821
101,14820
101,14670
101,14819
101,14818
101,14817
101,14816
101,14815
101,14814
101,14813
101,14812
101,14669
101,14811
101,14810
101,14809
101,14808
101,14807
101,14806
101,14805
101,14668
101,14804
101,14803
101,14802
101,14801
101,14800
101,14799
101,14798
101,14667
101,14797
101,14796
101,14795
101,14794
101,14793
101,14792
101,14791
101,14790
101,14666
101,14789
101,14788
101,14787
101,14786
101,14785
101,14784
101,14783
101,14665
101,14782
101,14781
101,14780
101,14779
101,14778
101,14777
101,14776
101,14664
101,14775
101,14774
101,14773
101,14772
101,14771
101,14770
101,14769
101,14768
101,14663
101,14767
101,14766
101,14765
101,14764
101,14763
101,14762
101,14761
101,14662
101,14760
101,14759
101,14758
101,14757
101,14756
101,14755
101,14754
101,14661
101,14753
101,14752
101,14751
101,14750
101,14749
101,14748
101,14747
101,14746
101,14660
101,14745
101,14744
101,14743
101,14742
101,14741
101,14740
101,14739
101,14659
101,14738
101,14737
101,14736
101,14735
101,14734
101,14733
101,14732
101,14658
101,14731
101,14730
101,14729
101,14728
101,14727
101,14726
101,14725
101,14724
101,14657
101,14723
101,14722
101,14721
101,14720
101,14655
101,14654
101,14653
101,14656
101,14652
101,14651
101,14650
101,14649
101,14648
101,14647
101,14646
101,14207
101,14645
101,14644
101,14643
101,14642
101,14641
101,14640
101,14639
101,14638
101,14206
101,14637
101,14636
101,14635
101,14634
101,14633
101,14632
101,14631
101,14205
101,14630
101,14629
101,14628
101,14627
101,14626
101,14625
101,14624
101,14204
101,14623
101,14622
101,14621
101,14620
101,14619
101,14618
101,14617
101,14616
101,14203
101,14615
101,14614
101,14613
101,14612
101,14611
101,14610
101,14609
101,14202
101,14608
101,14607
101,14606
101,14605
101,14604
101,14603
101,14602
101,14201
101,14601
101,14600
101,14599
101,14598
101,14597
101,14596
101,14595
101,14594
101,14200
101,14593
101,14592
101,14591
101,14590
101,14589
101,14588
101,14587
101,14199
101,14586
101,14585
101,14584
101,14583
101,14582
101,14581
101,14580
101,14198
101,14579
101,14578
101,14577
101,14576
101,14575
101,14574
101,14573
101,14572
101,14197
101,14571
101,14570
101,14569
101,14568
101,14567
101,14566
101,14565
101,14196
101,14564
101,14563
101,14562
101,14561
101,14560
101,14559
101,14558
101,14195
101,14557
101,14556
101,14555
101,14554
101,14553
101,14552
101,14551
101,14550
101,14194
101,14549
101,14548
101,14547
101,14546
101,14545
101,14544
101,14543
101,14193
101,14542
101,14541
101,14540
101,14539
101,14538
101,14537
101,14536
101,14192
101,14535
101,14534
101,14533
101,14532
101,14531
101,14530
101,14529
101,14528
101,14191
101,14527
101,14526
101,14525
101,14524
101,14523
101,14522
101,14521
101,14190
101,14520
101,14519
101,14518
101,14517
101,14516
101,14515
101,14514
101,14189
101,14513
101,14512
101,14511
101,14510
101,14509
101,14508
101,14507
101,14506
101,14188
101,14505
101,14504
101,14503
101,14502
101,14501
101,14500
101,14499
101,14187
101,14498
101,14497
101,14496
101,14495
101,14494
101,14493
101,14492
101,14186
101,14491
101,14490
101,14489
101,14488
101,14487
101,14486
101,14485
101,14484
101,14185
101,14483
101,14482
101,14481
101,14480
101,14479
101,14478
101,14477
101,14184
101,14476
101,14475
101,14474
101,14473
101,14472
101,14471
101,14470
101,14183
101,14469
101,14468
101,14467
101,14466
101,14465
101,14464
101,14463
101,14462
101,14182
101,14461
101,14460
101,14459
101,14458
101,14457
101,14456
101,14455
101,14181
101,14454
101,14453
101,14452
101,14451
101,14450
101,14449
101,14448
101,14180
101,14447
101,14446
101,14445
101,14444
101,14443
101,14442
101,14441
101,14440
101,14179
101,14439
101,14438
101,14437
101,14436
101,14435
101,14434
101,14433
101,14178
101,14432
101,14431
101,14430
101,14429
101,14428
101,14427
101,14426
101,14177
101,14425
101,14424
101,14423
101,14422
101,14421
101,14420
101,14419
101,14418
101,14176
101,14417
101,14416
101,14415
101,14414
101,14413
101,14412
101,14411
101,14175
101,14410
101,14409
101,14408
101,14407
101,14406
101,14405
101,14404
101,14174
101,14403
101,14402
101,14401
101,14400
101,14399
101,14398
101,14397
101,14396
101,14173
101,14395
101,14394
101,14393
101,14392
101,14391
101,14390
101,14389
101,14172
101,14388
101,14387
101,14386
101,14385
101,14384
101,14383
101,14382
101,14171
101,14381
101,14380
101,14379
101,14378
101,14377
101,14376
101,14375
101,14374
101,14170
101,14373
101,14372
101,14371
101,14370
101,14369
101,14368
101,14367
101,14169
101,14366
101,14365
101,14364
101,14363
101,14362
101,14361
101,14360
101,14168
101,14359
101,14358
101,14357
101,14356
101,14355
101,14354
101,14353
101,14352
101,14167
101,14351
101,14350
101,14349
101,14348
101,14347
101,14346
101,14345
101,14166
101,14344
101,14343
101,14342
101,14341
101,14340
101,14339
101,14338
101,14337
101,14165
101,14336
101,14335
101,14334
101,14333
101,14332
101,14331
101,14330
101,14164
101,14329
101,14328
101,14327
101,14326
101,14325
101,14324
101,14323
101,14163
101,14322
101,14321
101,14320
101,14319
101,14318
101,14317
101,14316
101,14315
101,14162
101,14314
101,14313
101,14312
101,14311
101,14310
101,14309
101,14308
101,14161
101,14307
101,14306
101,14305
101,14304
101,14303
101,14302
101,14301
101,14160
101,14300
101,14299
101,14298
101,14297
101,14296
101,14295
101,14294
101,14293
101,14159
101,14292
101,14291
101,14290
101,14289
101,14288
101,14287
101,14286
101,14158
101,14285
101,14284
101,14283
101,14282
101,14281
101,14280
101,14279
101,14157
101,14278
101,14277
101,14276
101,14275
101,14274
101,14273
101,14272
101,14271
101,14156
101,14270
101,14269
101,14268
101,14267
101,14266
101,14265
101,14264
101,14155
101,14263
101,14262
101,14261
101,14260
101,14259
101,14258
101,14257
101,14154
101,14256
101,14255
101,14254
101,14253
101,14252
101,14251
101,14250
101,14249
101,14153
101,14248
101,14247
101,14246
101,14245
101,14244
101,14243
101,14242
101,14152
101,14241
101,14240
101,14239
101,14238
101,14237
101,14236
101,14235
101,14151
101,14234
101,14233
101,14232
101,14231
101,14230
101,14229
101,14228
101,14227
101,14150
101,14226
101,14225
101,14224
101,14223
101,14222
101,14221
101,14220
101,14149
101,14219
101,14218
101,14217
101,14216
101,14215
101,14214
101,14213
101,14148
101,14212
101,14211
101,14210
101,14209
101,14208
101,14143
101,14142
101,14141
101,14147
101,14140
101,14139
101,14138
101,14137
101,14136
101,14135
101,14134
101,14146
101,14133
101,14132
101,14131
101,14130
101,14129
101,14128
101,14127
101,14145
101,14126
101,14125
101,14124
101,14123
101,14122
101,14121
101,14120
101,14119
101,14144
101,14118
101,14117
101,14116
101,14115
101,14114
101,14113
101,14112
101,13695
101,14111
101,14110
101,14109
101,14108
101,14107
101,14106
101,14105
101,13694
101,14104
101,14103
101,14102
101,14101
101,14100
101,14099
101,14098
101,14097
101,13693
101,14096
101,14095
101,14094
101,14093
101,14092
101,14091
101,14090
101,13692
101,14089
101,14088
101,14087
101,14086
101,14085
101,14084
101,14083
101,13691
101,14082
101,14081
101,14080
101,14079
101,14078
101,14077
101,14076
101,14075
101,13690
101,14074
101,14073
101,14072
101,14071
101,14070
101,14069
101,14068
101,13689
101,14067
101,14066
101,14065
101,14064
101,14063
101,14062
101,14061
101,13688
101,14060
101,14059
101,14058
101,14057
101,14056
101,14055
101,14054
101,14053
101,13687
101,14052
101,14051
101,14050
101,14049
101,14048
101,14047
101,14046
101,13686
101,14045
101,14044
101,14043
101,14042
101,14041
101,14040
101,14039
101,13685
101,14038
101,14037
101,14036
101,14035
101,14034
101,14033
101,14032
101,14031
101,13684
101,14030
101,14029
101,14028
101,14027
101,14026
101,14025
101,14024
101,13683
101,14023
101,14022
101,14021
101,14020
101,14019
101,14018
101,14017
101,13682
101,14016
101,14015
101,14014
101,14013
101,14012
101,14011
101,14010
101,14009
101,13681
101,14008
101,14007
101,14006
101,14005
101,14004
101,14003
101,14002
101,13680
101,14001
101,14000
101,13999
101,13998
101,13997
101,13996
101,13995
101,13679
101,13994
101,13993
101,13992
101,13991
101,13990
101,13989
101,13988
101,13987
101,13678
101,13986
101,13985
101,13984
101,13983
101,13982
101,13981
101,13980
101,13677
101,13979
101,13978
101,13977
101,13976
101,13975
101,13974
101,13973
101,13676
101,13972
101,13971
101,13970
101,13969
101,13968
101,13967
101,13966
101,13965
101,13675
101,13964
101,13963
101,13962
101,13961
101,13960
101,13959
101,13958
101,13674
101,13957
101,13956
101,13955
101,13954
101,13953
101,13952
101,13951
101,13673
101,13950
101,13949
101,13948
101,13947
101,13946
101,13945
101,13944
101,13943
101,13672
101,13942
101,13941
101,13940
101,13939
101,13938
101,13937
101,13936
101,13671
101,13935
101,13934
101,13933
101,13932
101,13931
101,13930
101,13929
101,13670
101,13928
101,13927
101,13926
101,13925
101,13924
101,13923
101,13922
101,13921
101,13669
101,13920
101,13919
101,13918
101,13917
101,13916
101,13915
101,13914
101,13668
101,13913
101,13912
101,13911
101,13910
101,13909
101,13908
101,13907
101,13667
101,13906
101,13905
101,13904
101,13903
101,13902
101,13901
101,13900
101,13899
101,13666
101,13898
101,13897
101,13896
101,13895
101,13894
101,13893
101,13892
101,13665
101,13891
101,13890
101,13889
101,13888
101,13887
101,13886
101,13885
101,13664
101,13884
101,13883
101,13882
101,13881
101,13880
101,13879
101,13878
101,13877
101,13663
101,13876
101,13875
101,13874
101,13873
101,13872
101,13871
101,13870
101,13662
101,13869
101,13868
101,13867
101,13866
101,13865
101,13864
101,13863
101,13661
101,13862
101,13861
101,13860
101,13859
101,13858
101,13857
101,13856
101,13855
101,13660
101,13854
101,13853
101,13852
101,13851
101,13850
101,13849
101,13848
101,13659
101,13847
101,13846
101,13845
101,13844
101,13843
101,13842
101,13841
101,13658
101,13840
101,13839
101,13838
101,13837
101,13836
101,13835
101,13834
101,13833
101,13657
101,13832
101,13831
101,13830
101,13829
101,13828
101,13827
101,13826
101,13656
101,13825
101,13824
101,13823
101,13822
101,13821
101,13820
101,13819
101,13655
101,13818
101,13817
101,13816
101,13815
101,13814
101,13813
101,13812
101,13811
101,13654
101,13810
101,13809
101,13808
101,13807
101,13806
101,13805
101,13804
101,13653
101,13803
101,13802
101,13801
101,13800
101,13799
101,13798
101,13797
101,13652
101,13796
101,13795
101,13794
101,13793
101,13792
101,13791
101,13790
101,13789
101,13651
101,13788
101,13787
101,13786
101,13785
101,13784
101,13783
101,13782
101,13650
101,13781
101,13780
101,13779
101,13778
101,13777
101,13776
101,13775
101,13649
101,13774
101,13773
101,13772
101,13771
101,13770
101,13769
101,13768
101,13767
101,13648
101,13766
101,13765
101,13764
101,13763
101,13762
101,13761
101,13760
101,13647
101,13759
101,13758
101,13757
101,13756
101,13755
101,13754
101,13753
101,13646
101,13752
101,13751
101,13750
101,13749
101,13748
101,13747
101,13746
101,13745
101,13645
101,13744
101,13743
101,13742
101,13741
101,13740
101,13739
101,13738
101,13644
101,13737
101,13736
101,13735
101,13734
101,13733
101,13732
101,13731
101,13643
101,13730
101,13729
101,13728
101,13727
101,13726
101,13725
101,13724
101,13723
101,13642
101,13722
101,13721
101,13720
101,13719
101,13718
101,13717
101,13716
101,13641
101,13715
101,13714
101,13713
101,13712
101,13711
101,13710
101,13709
101,13640
101,13708
101,13707
101,13706
101,13705
101,13704
101,13703
101,13702
101,13701
101,13639
101,13700
101,13699
101,13698
101,13697
101,13696
101,13631
101,13630
101,13638
101,13629
101,13628
101,13627
101,13626
101,13625
101,13624
101,13623
101,13637
101,13622
101,13621
101,13620
101,13619
101,13618
101,13617
101,13616
101,13615
101,13636
101,13614
101,13613
101,13612
101,13611
101,13610
101,13609
101,13608
101,13635
101,13607
101,13606
101,13605
101,13604
101,13603
101,13602
101,13601
101,13634
101,13600
101,13599
101,13598
101,13597
101,13596
101,13595
101,13594
101,13593
101,13633
101,13592
101,13591
101,13590
101,13589
101,13588
101,13587
101,13586
101,13632
101,13585
101,13584
101,13583
101,13582
101,13581
101,13580
101,13579
101,13119
101,13578
101,13577
101,13576
101,13575
101,13574
101,13573
101,13572
101,13571
101,13118
101,13570
101,13569
101,13568
101,13567
101,13566
101,13565
101,13564
101,13117
101,13563
101,13562
101,13561
101,13560
101,13559
101,13558
101,13557
101,13116
101,13556
101,13555
101,13554
101,13553
101,13552
101,13551
101,13550
101,13549
101,13115
101,13548
101,13547
101,13546
101,13545
101,13544
101,13543
101,13542
101,13114
101,13541
101,13540
101,13539
101,13538
101,13537
101,13536
101,13535
101,13113
101,13534
101,13533
101,13532
101,13531
101,13530
101,13529
101,13528
101,13527
101,13112
101,13526
101,13525
101,13524
101,13523
101,13522
101,13521
101,13520
101,13111
101,13519
101,13518
101,13517
101,13516
101,13515
101,13514
101,13513
101,13110
101,13512
101,13511
101,13510
101,13509
101,13508
101,13507
101,13506
101,13505
101,13109
101,13504
101,13503
101,13502
101,13501
101,13500
101,13499
101,13498
101,13108
101,13497
101,13496
101,13495
101,13494
101,13493
101,13492
101,13491
101,13107
101,13490
101,13489
101,13488
101,13487
101,13486
101,13485
101,13484
101,13483
101,13106
101,13482
101,13481
101,13480
101,13479
101,13478
101,13477
101,13476
101,13105
101,13475
101,13474
101,13473
101,13472
101,13471
101,13470
101,13469
101,13104
101,13468
101,13467
101,13466
101,13465
101,13464
101,13463
101,13462
101,13461
101,13103
101,13460
101,13459
101,13458
101,13457
101,13456
101,13455
101,13454
101,13102
101,13453
101,13452
101,13451
101,13450
101,13449
101,13448
101,13447
101,13101
101,13446
101,13445
101,13444
101,13443
101,13442
101,13441
101,13440
101,13439
101,13100
101,13438
101,13437
101,13436
101,13435
101,13434
101,13433
101,13432
101,13099
101,13431
101,13430
101,13429
101,13428
101,13427
101,13426
101,13425
101,13098
101,13424
101,13423
101,13422
101,13421
101,13420
101,13419
101,13418
101,13417
101,13097
101,13416
101,13415
101,13414
101,13413
101,13412
101,13411
101,13410
101,13096
101,13409
101,13408
101,13407
101,13406
101,13405
101,13404
101,13403
101,13095
101,13402
101,13401
101,13400
101,13399
101,13398
101,13397
101,13396
101,13395
101,13094
101,13394
101,13393
101,13392
101,13391
101,13390
101,13389
101,13388
101,13093
101,13387
101,13386
101,13385
101,13384
101,13383
101,13382
101,13381
101,13092
101,13380
101,13379
101,13378
101,13377
101,13376
101,13375
101,13374
101,13373
101,13091
101,13372
